00000000000100000000000100010011
00000000011000000000111110010011
00000000001000000000111100010011
00000000010000011000000110010011
00000000000100011010000000100011
00000000001000011010001000100011
00000000001000001000001000110011
00000000001000000000000010110011
00000000010100000000000100110011
00000000010000011010001000100011
00000000000111110000111100010011
00000001111111110000010001100011
00000001111111110000010001100011
11111110000000000000001011100011
00000000110000000010010110000011
01000000001101011000011010110011
00000000100000000010011000000011
00000000110101011001101010110011
01000000110010101101011100110011
00000000111010101111011110110011
00000000111010101110100000110011
00000001000001110101001000101010
00000000000000000111000001010101